(kicad_pcb (version 20171130) (host pcbnew 5.1.8)

  (general
    (thickness 1.6)
    (drawings 30)
    (tracks 0)
    (zones 0)
    (modules 79)
    (nets 199)
  )

  (page A)
  (title_block
    (title "I/O MASTER v1")
    (date 2020-02-13)
    (rev A)
    (company "THE UNIVERSITY OF AKRON")
    (comment 1 "DT18 - I/O MASTER")
  )

  (layers
    (0 F.Cu mixed)
    (31 B.Cu mixed)
    (33 F.Adhes user hide)
    (35 F.Paste user hide)
    (37 F.SilkS user)
    (38 B.Mask user hide)
    (39 F.Mask user hide)
    (40 Dwgs.User user)
    (41 Cmts.User user)
    (42 Eco1.User user hide)
    (43 Eco2.User user hide)
    (44 Edge.Cuts user)
    (45 Margin user)
    (46 B.CrtYd user hide)
    (47 F.CrtYd user hide)
    (49 F.Fab user hide)
  )

  (setup
    (last_trace_width 0.15)
    (user_trace_width 0.15)
    (user_trace_width 0.3)
    (user_trace_width 0.4)
    (trace_clearance 0.2)
    (zone_clearance 0.25)
    (zone_45_only no)
    (trace_min 0.15)
    (via_size 0.66)
    (via_drill 0.33)
    (via_min_size 0.635)
    (via_min_drill 0.33)
    (user_via 0.812 0.406)
    (uvia_size 0.635)
    (uvia_drill 0.33)
    (uvias_allowed no)
    (uvia_min_size 0.635)
    (uvia_min_drill 0.33)
    (edge_width 0.05)
    (segment_width 0.2)
    (pcb_text_width 0.1)
    (pcb_text_size 0.8 0.8)
    (mod_edge_width 0.12)
    (mod_text_size 0.8 0.8)
    (mod_text_width 0.1)
    (pad_size 1.524 1.524)
    (pad_drill 0.762)
    (pad_to_mask_clearance 0.08)
    (solder_mask_min_width 0.2)
    (aux_axis_origin 0 0)
    (visible_elements FFFFFF7F)
    (pcbplotparams
      (layerselection 0x231e8_ffffffff)
      (usegerberextensions false)
      (usegerberattributes false)
      (usegerberadvancedattributes false)
      (creategerberjobfile false)
      (excludeedgelayer true)
      (linewidth 0.100000)
      (plotframeref true)
      (viasonmask false)
      (mode 1)
      (useauxorigin false)
      (hpglpennumber 1)
      (hpglpenspeed 20)
      (hpglpendiameter 15.000000)
      (psnegative false)
      (psa4output false)
      (plotreference true)
      (plotvalue true)
      (plotinvisibletext false)
      (padsonsilk false)
      (subtractmaskfromsilk false)
      (outputformat 4)
      (mirror false)
      (drillshape 0)
      (scaleselection 1)
      (outputdirectory "../PDF/"))
  )

  (net 0 "")
  (net 1 GND)
  (net 2 /Microcontroller/VCAP)
  (net 3 "Net-(D1-Pad1)")
  (net 4 /Microcontroller/VDDA)
  (net 5 /Microcontroller/TMS_SWDIO)
  (net 6 /Microcontroller/TCK_SWDCLK)
  (net 7 /Microcontroller/TDO_SWO)
  (net 8 /Microcontroller/TDI)
  (net 9 "Net-(R1-Pad1)")
  (net 10 /Microcontroller/STATUS_R)
  (net 11 /Microcontroller/STATUS_G)
  (net 12 /Microcontroller/STATUS_B)
  (net 13 /Microcontroller/IO_5_IN)
  (net 14 /Microcontroller/IO_6_IN)
  (net 15 /Microcontroller/IO_7_IN)
  (net 16 /Microcontroller/IO_8_IN)
  (net 17 /Microcontroller/IO_8_OUT)
  (net 18 /Microcontroller/IO_5_OUT)
  (net 19 /Microcontroller/IO_6_OUT)
  (net 20 /Microcontroller/IO_7_OUT)
  (net 21 /Microcontroller/~IO_5_TRIS)
  (net 22 /Microcontroller/~IO_6_TRIS)
  (net 23 /Microcontroller/~IO_7_TRIS)
  (net 24 /Microcontroller/~IO_8_TRIS)
  (net 25 /Microcontroller/ULPI_STP)
  (net 26 /Microcontroller/ULPI_DIR)
  (net 27 /Microcontroller/ULPI_NXT)
  (net 28 /Microcontroller/ULPI_D0)
  (net 29 /Microcontroller/ULPI_D1)
  (net 30 /Microcontroller/ULPI_D2)
  (net 31 /Microcontroller/ULPI_D3)
  (net 32 /Microcontroller/ULPI_D4)
  (net 33 /Microcontroller/ULPI_D5)
  (net 34 /Microcontroller/ULPI_D6)
  (net 35 /Microcontroller/ULPI_D7)
  (net 36 +3V3)
  (net 37 /VDD1.8)
  (net 38 /VDDA1.8)
  (net 39 "Net-(C11-Pad1)")
  (net 40 "Net-(C12-Pad1)")
  (net 41 VBUS)
  (net 42 "Net-(C33-Pad1)")
  (net 43 "Net-(C34-Pad1)")
  (net 44 /Microcontroller/~RESET)
  (net 45 "Net-(D2-Pad1)")
  (net 46 "Net-(D3-Pad2)")
  (net 47 "Net-(D3-Pad4)")
  (net 48 "Net-(D3-Pad6)")
  (net 49 "Net-(J1-PadA5)")
  (net 50 /USB_D-)
  (net 51 /USB_D+)
  (net 52 "Net-(J1-PadB5)")
  (net 53 /Microcontroller/PG15)
  (net 54 /Microcontroller/PG14)
  (net 55 /Microcontroller/PG13)
  (net 56 /Microcontroller/PG12)
  (net 57 /Microcontroller/PG11)
  (net 58 /Microcontroller/PG10)
  (net 59 /Microcontroller/PG9)
  (net 60 /Microcontroller/PG8)
  (net 61 /Microcontroller/PE0)
  (net 62 /Microcontroller/PE1)
  (net 63 /Microcontroller/PE2)
  (net 64 /Microcontroller/PE3)
  (net 65 /Microcontroller/PE4)
  (net 66 /Microcontroller/PE5)
  (net 67 /Microcontroller/PE6)
  (net 68 /Microcontroller/PE7)
  (net 69 /Microcontroller/PF4)
  (net 70 /Microcontroller/PF5)
  (net 71 /Microcontroller/PF6)
  (net 72 /Microcontroller/PF7)
  (net 73 /Microcontroller/PF8)
  (net 74 /Microcontroller/PF9)
  (net 75 /Microcontroller/PF10)
  (net 76 /Microcontroller/PF11)
  (net 77 /Microcontroller/PF12)
  (net 78 /Microcontroller/PF13)
  (net 79 /Microcontroller/PF14)
  (net 80 /Microcontroller/PF15)
  (net 81 /UART_RXI)
  (net 82 /UART_TXO)
  (net 83 /Microcontroller/IO_1_OUT)
  (net 84 /Microcontroller/IO_1_CLK)
  (net 85 /Microcontroller/~IO_1_TRIS)
  (net 86 /Microcontroller/IO_1_IN)
  (net 87 /Microcontroller/IO_2_OUT)
  (net 88 /Microcontroller/IO_2_CLK)
  (net 89 /Microcontroller/~IO_2_TRIS)
  (net 90 /Microcontroller/IO_2_IN)
  (net 91 /Microcontroller/IO_3_OUT)
  (net 92 /Microcontroller/IO_3_CLK)
  (net 93 /Microcontroller/~IO_3_TRIS)
  (net 94 /Microcontroller/IO_3_IN)
  (net 95 /Microcontroller/IO_4_OUT)
  (net 96 /Microcontroller/IO_4_CLK)
  (net 97 /Microcontroller/~IO_4_TRIS)
  (net 98 /Microcontroller/IO_4_IN)
  (net 99 /Microcontroller/IO_5_CLK)
  (net 100 /Microcontroller/IO_6_CLK)
  (net 101 /Microcontroller/IO_7_CLK)
  (net 102 /Microcontroller/IO_8_CLK)
  (net 103 "Net-(J6-Pad34)")
  (net 104 "Net-(J6-Pad36)")
  (net 105 "Net-(J6-Pad38)")
  (net 106 "Net-(J6-Pad40)")
  (net 107 "Net-(J6-Pad42)")
  (net 108 "Net-(J6-Pad44)")
  (net 109 "Net-(J6-Pad46)")
  (net 110 "Net-(J6-Pad48)")
  (net 111 "Net-(J6-Pad50)")
  (net 112 "Net-(J6-Pad52)")
  (net 113 "Net-(J6-Pad54)")
  (net 114 "Net-(J6-Pad56)")
  (net 115 "Net-(J6-Pad58)")
  (net 116 "Net-(J6-Pad60)")
  (net 117 "Net-(J6-Pad62)")
  (net 118 "Net-(J6-Pad64)")
  (net 119 /Microcontroller/GPIO_PA4)
  (net 120 /Microcontroller/GPIO_PA6)
  (net 121 /Microcontroller/GPIO_PA11)
  (net 122 /Microcontroller/GPIO_PA12)
  (net 123 /Microcontroller/GPIO_PB2)
  (net 124 /Microcontroller/GPIO_PB6)
  (net 125 /Microcontroller/GPIO_PB14)
  (net 126 /Microcontroller/GPIO_PB15)
  (net 127 /Microcontroller/GPIO_PC1)
  (net 128 /Microcontroller/GPIO_PC4)
  (net 129 /Microcontroller/GPIO_PC5)
  (net 130 /Microcontroller/GPIO_PC7)
  (net 131 /Microcontroller/GPIO_PC8)
  (net 132 /Microcontroller/GPIO_PC10)
  (net 133 /Microcontroller/GPIO_PC11)
  (net 134 /Microcontroller/GPIO_PC12)
  (net 135 /Microcontroller/GPIO_PC13)
  (net 136 /Microcontroller/GPIO_PC14)
  (net 137 /Microcontroller/GPIO_PC15)
  (net 138 /Microcontroller/GPIO_PG0)
  (net 139 /Microcontroller/GPIO_PG1)
  (net 140 /Microcontroller/GPIO_PG2)
  (net 141 /Microcontroller/GPIO_PG3)
  (net 142 /Microcontroller/GPIO_PG4)
  (net 143 /Microcontroller/GPIO_PG5)
  (net 144 /Microcontroller/GPIO_PG6)
  (net 145 /Microcontroller/GPIO_PG7)
  (net 146 "Net-(J10-Pad27)")
  (net 147 "Net-(J10-Pad26)")
  (net 148 "Net-(J10-Pad25)")
  (net 149 "Net-(J10-Pad24)")
  (net 150 "Net-(J10-Pad23)")
  (net 151 "Net-(J10-Pad22)")
  (net 152 "Net-(J10-Pad21)")
  (net 153 "Net-(J10-Pad20)")
  (net 154 "Net-(J10-Pad19)")
  (net 155 "Net-(J10-Pad18)")
  (net 156 "Net-(J10-Pad17)")
  (net 157 "Net-(J10-Pad16)")
  (net 158 "Net-(J10-Pad15)")
  (net 159 "Net-(J10-Pad14)")
  (net 160 "Net-(J10-Pad13)")
  (net 161 "Net-(J10-Pad12)")
  (net 162 "Net-(J10-Pad11)")
  (net 163 "Net-(J10-Pad10)")
  (net 164 "Net-(J10-Pad9)")
  (net 165 "Net-(J10-Pad8)")
  (net 166 "Net-(J10-Pad7)")
  (net 167 "Net-(J10-Pad6)")
  (net 168 "Net-(J10-Pad5)")
  (net 169 "Net-(J10-Pad4)")
  (net 170 "Net-(J10-Pad3)")
  (net 171 "Net-(J10-Pad2)")
  (net 172 "Net-(J10-Pad1)")
  (net 173 /I2C_SDA)
  (net 174 /I2C_SCL)
  (net 175 "Net-(JP1-Pad1)")
  (net 176 /Microcontroller/~INT_USBC)
  (net 177 "Net-(R5-Pad1)")
  (net 178 "Net-(R7-Pad2)")
  (net 179 "Net-(R7-Pad1)")
  (net 180 /Microcontroller/ULPI_RESET)
  (net 181 /Microcontroller/ULPI_CLK)
  (net 182 "Net-(C7-Pad2)")
  (net 183 "Net-(J6-Pad2)")
  (net 184 "Net-(J6-Pad4)")
  (net 185 "Net-(J6-Pad6)")
  (net 186 "Net-(J6-Pad8)")
  (net 187 "Net-(J6-Pad10)")
  (net 188 "Net-(J6-Pad12)")
  (net 189 "Net-(J6-Pad14)")
  (net 190 "Net-(J6-Pad16)")
  (net 191 "Net-(J6-Pad18)")
  (net 192 "Net-(J6-Pad20)")
  (net 193 "Net-(J6-Pad22)")
  (net 194 "Net-(J6-Pad24)")
  (net 195 "Net-(J6-Pad26)")
  (net 196 "Net-(J6-Pad28)")
  (net 197 "Net-(J6-Pad30)")
  (net 198 "Net-(J6-Pad32)")

  (net_class Default "This is the default net class."
    (clearance 0.2)
    (trace_width 0.15)
    (via_dia 0.66)
    (via_drill 0.33)
    (uvia_dia 0.635)
    (uvia_drill 0.33)
    (add_net +3V3)
    (add_net /I2C_SCL)
    (add_net /I2C_SDA)
    (add_net /Microcontroller/GPIO_PA11)
    (add_net /Microcontroller/GPIO_PA12)
    (add_net /Microcontroller/GPIO_PA4)
    (add_net /Microcontroller/GPIO_PA6)
    (add_net /Microcontroller/GPIO_PB14)
    (add_net /Microcontroller/GPIO_PB15)
    (add_net /Microcontroller/GPIO_PB2)
    (add_net /Microcontroller/GPIO_PB6)
    (add_net /Microcontroller/GPIO_PC1)
    (add_net /Microcontroller/GPIO_PC10)
    (add_net /Microcontroller/GPIO_PC11)
    (add_net /Microcontroller/GPIO_PC12)
    (add_net /Microcontroller/GPIO_PC13)
    (add_net /Microcontroller/GPIO_PC14)
    (add_net /Microcontroller/GPIO_PC15)
    (add_net /Microcontroller/GPIO_PC4)
    (add_net /Microcontroller/GPIO_PC5)
    (add_net /Microcontroller/GPIO_PC7)
    (add_net /Microcontroller/GPIO_PC8)
    (add_net /Microcontroller/GPIO_PG0)
    (add_net /Microcontroller/GPIO_PG1)
    (add_net /Microcontroller/GPIO_PG2)
    (add_net /Microcontroller/GPIO_PG3)
    (add_net /Microcontroller/GPIO_PG4)
    (add_net /Microcontroller/GPIO_PG5)
    (add_net /Microcontroller/GPIO_PG6)
    (add_net /Microcontroller/GPIO_PG7)
    (add_net /Microcontroller/IO_1_CLK)
    (add_net /Microcontroller/IO_1_IN)
    (add_net /Microcontroller/IO_1_OUT)
    (add_net /Microcontroller/IO_2_CLK)
    (add_net /Microcontroller/IO_2_IN)
    (add_net /Microcontroller/IO_2_OUT)
    (add_net /Microcontroller/IO_3_CLK)
    (add_net /Microcontroller/IO_3_IN)
    (add_net /Microcontroller/IO_3_OUT)
    (add_net /Microcontroller/IO_4_CLK)
    (add_net /Microcontroller/IO_4_IN)
    (add_net /Microcontroller/IO_4_OUT)
    (add_net /Microcontroller/IO_5_CLK)
    (add_net /Microcontroller/IO_5_IN)
    (add_net /Microcontroller/IO_5_OUT)
    (add_net /Microcontroller/IO_6_CLK)
    (add_net /Microcontroller/IO_6_IN)
    (add_net /Microcontroller/IO_6_OUT)
    (add_net /Microcontroller/IO_7_CLK)
    (add_net /Microcontroller/IO_7_IN)
    (add_net /Microcontroller/IO_7_OUT)
    (add_net /Microcontroller/IO_8_CLK)
    (add_net /Microcontroller/IO_8_IN)
    (add_net /Microcontroller/IO_8_OUT)
    (add_net /Microcontroller/PE0)
    (add_net /Microcontroller/PE1)
    (add_net /Microcontroller/PE2)
    (add_net /Microcontroller/PE3)
    (add_net /Microcontroller/PE4)
    (add_net /Microcontroller/PE5)
    (add_net /Microcontroller/PE6)
    (add_net /Microcontroller/PE7)
    (add_net /Microcontroller/PF10)
    (add_net /Microcontroller/PF11)
    (add_net /Microcontroller/PF12)
    (add_net /Microcontroller/PF13)
    (add_net /Microcontroller/PF14)
    (add_net /Microcontroller/PF15)
    (add_net /Microcontroller/PF4)
    (add_net /Microcontroller/PF5)
    (add_net /Microcontroller/PF6)
    (add_net /Microcontroller/PF7)
    (add_net /Microcontroller/PF8)
    (add_net /Microcontroller/PF9)
    (add_net /Microcontroller/PG10)
    (add_net /Microcontroller/PG11)
    (add_net /Microcontroller/PG12)
    (add_net /Microcontroller/PG13)
    (add_net /Microcontroller/PG14)
    (add_net /Microcontroller/PG15)
    (add_net /Microcontroller/PG8)
    (add_net /Microcontroller/PG9)
    (add_net /Microcontroller/STATUS_B)
    (add_net /Microcontroller/STATUS_G)
    (add_net /Microcontroller/STATUS_R)
    (add_net /Microcontroller/TCK_SWDCLK)
    (add_net /Microcontroller/TDI)
    (add_net /Microcontroller/TDO_SWO)
    (add_net /Microcontroller/TMS_SWDIO)
    (add_net /Microcontroller/ULPI_CLK)
    (add_net /Microcontroller/ULPI_D0)
    (add_net /Microcontroller/ULPI_D1)
    (add_net /Microcontroller/ULPI_D2)
    (add_net /Microcontroller/ULPI_D3)
    (add_net /Microcontroller/ULPI_D4)
    (add_net /Microcontroller/ULPI_D5)
    (add_net /Microcontroller/ULPI_D6)
    (add_net /Microcontroller/ULPI_D7)
    (add_net /Microcontroller/ULPI_DIR)
    (add_net /Microcontroller/ULPI_NXT)
    (add_net /Microcontroller/ULPI_RESET)
    (add_net /Microcontroller/ULPI_STP)
    (add_net /Microcontroller/VCAP)
    (add_net /Microcontroller/VDDA)
    (add_net /Microcontroller/~INT_USBC)
    (add_net /Microcontroller/~IO_1_TRIS)
    (add_net /Microcontroller/~IO_2_TRIS)
    (add_net /Microcontroller/~IO_3_TRIS)
    (add_net /Microcontroller/~IO_4_TRIS)
    (add_net /Microcontroller/~IO_5_TRIS)
    (add_net /Microcontroller/~IO_6_TRIS)
    (add_net /Microcontroller/~IO_7_TRIS)
    (add_net /Microcontroller/~IO_8_TRIS)
    (add_net /Microcontroller/~RESET)
    (add_net /UART_RXI)
    (add_net /UART_TXO)
    (add_net /USB_D+)
    (add_net /USB_D-)
    (add_net /VDD1.8)
    (add_net /VDDA1.8)
    (add_net GND)
    (add_net "Net-(C11-Pad1)")
    (add_net "Net-(C12-Pad1)")
    (add_net "Net-(C33-Pad1)")
    (add_net "Net-(C34-Pad1)")
    (add_net "Net-(C7-Pad2)")
    (add_net "Net-(D1-Pad1)")
    (add_net "Net-(D2-Pad1)")
    (add_net "Net-(D3-Pad2)")
    (add_net "Net-(D3-Pad4)")
    (add_net "Net-(D3-Pad6)")
    (add_net "Net-(J1-PadA5)")
    (add_net "Net-(J1-PadB5)")
    (add_net "Net-(J10-Pad1)")
    (add_net "Net-(J10-Pad10)")
    (add_net "Net-(J10-Pad11)")
    (add_net "Net-(J10-Pad12)")
    (add_net "Net-(J10-Pad13)")
    (add_net "Net-(J10-Pad14)")
    (add_net "Net-(J10-Pad15)")
    (add_net "Net-(J10-Pad16)")
    (add_net "Net-(J10-Pad17)")
    (add_net "Net-(J10-Pad18)")
    (add_net "Net-(J10-Pad19)")
    (add_net "Net-(J10-Pad2)")
    (add_net "Net-(J10-Pad20)")
    (add_net "Net-(J10-Pad21)")
    (add_net "Net-(J10-Pad22)")
    (add_net "Net-(J10-Pad23)")
    (add_net "Net-(J10-Pad24)")
    (add_net "Net-(J10-Pad25)")
    (add_net "Net-(J10-Pad26)")
    (add_net "Net-(J10-Pad27)")
    (add_net "Net-(J10-Pad3)")
    (add_net "Net-(J10-Pad4)")
    (add_net "Net-(J10-Pad5)")
    (add_net "Net-(J10-Pad6)")
    (add_net "Net-(J10-Pad7)")
    (add_net "Net-(J10-Pad8)")
    (add_net "Net-(J10-Pad9)")
    (add_net "Net-(J6-Pad10)")
    (add_net "Net-(J6-Pad12)")
    (add_net "Net-(J6-Pad14)")
    (add_net "Net-(J6-Pad16)")
    (add_net "Net-(J6-Pad18)")
    (add_net "Net-(J6-Pad2)")
    (add_net "Net-(J6-Pad20)")
    (add_net "Net-(J6-Pad22)")
    (add_net "Net-(J6-Pad24)")
    (add_net "Net-(J6-Pad26)")
    (add_net "Net-(J6-Pad28)")
    (add_net "Net-(J6-Pad30)")
    (add_net "Net-(J6-Pad32)")
    (add_net "Net-(J6-Pad34)")
    (add_net "Net-(J6-Pad36)")
    (add_net "Net-(J6-Pad38)")
    (add_net "Net-(J6-Pad4)")
    (add_net "Net-(J6-Pad40)")
    (add_net "Net-(J6-Pad42)")
    (add_net "Net-(J6-Pad44)")
    (add_net "Net-(J6-Pad46)")
    (add_net "Net-(J6-Pad48)")
    (add_net "Net-(J6-Pad50)")
    (add_net "Net-(J6-Pad52)")
    (add_net "Net-(J6-Pad54)")
    (add_net "Net-(J6-Pad56)")
    (add_net "Net-(J6-Pad58)")
    (add_net "Net-(J6-Pad6)")
    (add_net "Net-(J6-Pad60)")
    (add_net "Net-(J6-Pad62)")
    (add_net "Net-(J6-Pad64)")
    (add_net "Net-(J6-Pad8)")
    (add_net "Net-(JP1-Pad1)")
    (add_net "Net-(R1-Pad1)")
    (add_net "Net-(R5-Pad1)")
    (add_net "Net-(R7-Pad1)")
    (add_net "Net-(R7-Pad2)")
    (add_net VBUS)
  )

  (net_class Power ""
    (clearance 0.2)
    (trace_width 0.4)
    (via_dia 0.812)
    (via_drill 0.406)
    (uvia_dia 0.635)
    (uvia_drill 0.33)
  )

  (module io-master-dev-board:USB_C_Receptable_GCT_USB4110 (layer F.Cu) (tedit 5FCD5C1C) (tstamp 5FD6919E)
    (at 34 50.5 270)
    (path /5FD3D64E)
    (fp_text reference J1 (at 0 5.08 90) (layer F.SilkS)
      (effects (font (size 1 1) (thickness 0.15)))
    )
    (fp_text value USB4110-GF-A (at 0 6.35 90) (layer F.Fab)
      (effects (font (size 1 1) (thickness 0.15)))
    )
    (fp_line (start -4.47 -1.69) (end -4.47 -0.26) (layer F.SilkS) (width 0.15))
    (fp_line (start 4.47 -1.69) (end 4.47 -0.26) (layer F.SilkS) (width 0.15))
    (fp_line (start -4.47 2.25) (end -4.47 3.84) (layer F.SilkS) (width 0.15))
    (fp_line (start -4.47 3.84) (end 4.47 3.84) (layer F.SilkS) (width 0.15))
    (fp_line (start 4.47 2.25) (end 4.47 3.84) (layer F.SilkS) (width 0.15))
    (fp_line (start -6.5 -4.5) (end 6.5 -4.5) (layer F.CrtYd) (width 0.12))
    (fp_line (start 6.5 -4.5) (end 6.5 4) (layer F.CrtYd) (width 0.12))
    (fp_line (start 6.5 4) (end -6.5 4) (layer F.CrtYd) (width 0.12))
    (fp_line (start -6.5 4) (end -6.5 -4.5) (layer F.CrtYd) (width 0.12))
    (pad S1 smd rect (at -5.11 -2.94 270) (size 2.18 2) (layers F.Cu F.Paste F.Mask)
      (net 182 "Net-(C7-Pad2)"))
    (pad S1 smd rect (at 5.11 -2.94 270) (size 2.18 2) (layers F.Cu F.Paste F.Mask)
      (net 182 "Net-(C7-Pad2)"))
    (pad S1 smd rect (at -5.11 0.99 270) (size 2.18 2) (layers F.Cu F.Paste F.Mask)
      (net 182 "Net-(C7-Pad2)"))
    (pad S1 smd rect (at 5.11 0.99 270) (size 2.18 2) (layers F.Cu F.Paste F.Mask)
      (net 182 "Net-(C7-Pad2)"))
    (pad "" np_thru_hole circle (at -2.89 -2.44 270) (size 0.65 0.65) (drill 0.65) (layers *.Cu *.Mask))
    (pad "" np_thru_hole circle (at 2.89 -2.44 270) (size 0.65 0.65) (drill 0.65) (layers *.Cu *.Mask))
    (pad A1 smd rect (at -3.2 -3.515 270) (size 0.6 1.15) (layers F.Cu F.Paste F.Mask)
      (net 1 GND))
    (pad A4 smd rect (at -2.4 -3.515 270) (size 0.6 1.15) (layers F.Cu F.Paste F.Mask)
      (net 41 VBUS))
    (pad B4 smd rect (at 2.4 -3.515 270) (size 0.6 1.15) (layers F.Cu F.Paste F.Mask)
      (net 41 VBUS))
    (pad B1 smd rect (at 3.2 -3.515 270) (size 0.6 1.15) (layers F.Cu F.Paste F.Mask)
      (net 1 GND))
    (pad B8 smd rect (at -1.75 -3.515 270) (size 0.3 1.15) (layers F.Cu F.Paste F.Mask))
    (pad A5 smd rect (at -1.25 -3.515 270) (size 0.3 1.15) (layers F.Cu F.Paste F.Mask)
      (net 49 "Net-(J1-PadA5)"))
    (pad B7 smd rect (at -0.75 -3.515 270) (size 0.3 1.15) (layers F.Cu F.Paste F.Mask)
      (net 50 /USB_D-))
    (pad A6 smd rect (at -0.25 -3.515 270) (size 0.3 1.15) (layers F.Cu F.Paste F.Mask)
      (net 51 /USB_D+))
    (pad A7 smd rect (at 0.25 -3.515 270) (size 0.3 1.15) (layers F.Cu F.Paste F.Mask)
      (net 50 /USB_D-))
    (pad B6 smd rect (at 0.75 -3.515 270) (size 0.3 1.15) (layers F.Cu F.Paste F.Mask)
      (net 51 /USB_D+))
    (pad A8 smd rect (at 1.25 -3.515 270) (size 0.3 1.15) (layers F.Cu F.Paste F.Mask))
    (pad B5 smd rect (at 1.75 -3.515 270) (size 0.3 1.15) (layers F.Cu F.Paste F.Mask)
      (net 52 "Net-(J1-PadB5)"))
    (model ${KIPRJMOD}/io-master-dev-board.3dshapes/USB_C_Receptable_GCT_USB4110.stp
      (offset (xyz 0 -3.83 1.65))
      (scale (xyz 1 1 1))
      (rotate (xyz -90 0 0))
    )
  )

  (module TestPoint:TestPoint_Keystone_5010-5014_Multipurpose (layer F.Cu) (tedit 5A0F774F) (tstamp 5FD69440)
    (at 99 113.5)
    (descr "Keystone Miniature THM Test Point 5010-5014, http://www.keyelco.com/product-pdf.cfm?p=1319")
    (tags "Through Hole Mount Test Points")
    (path /61016817)
    (fp_text reference TP3 (at 0 -2.75) (layer F.SilkS)
      (effects (font (size 1 1) (thickness 0.15)))
    )
    (fp_text value GND (at 0 2.75) (layer F.Fab)
      (effects (font (size 1 1) (thickness 0.15)))
    )
    (fp_line (start -1.25 -0.4) (end 1.25 -0.4) (layer F.Fab) (width 0.15))
    (fp_line (start 1.25 -0.4) (end 1.25 0.4) (layer F.Fab) (width 0.15))
    (fp_line (start 1.25 0.4) (end -1.25 0.4) (layer F.Fab) (width 0.15))
    (fp_line (start -1.25 0.4) (end -1.25 -0.4) (layer F.Fab) (width 0.15))
    (fp_circle (center 0 0) (end 2 0) (layer F.CrtYd) (width 0.05))
    (fp_circle (center 0 0) (end 1.6 0) (layer F.Fab) (width 0.15))
    (fp_circle (center 0 0) (end 1.75 0) (layer F.SilkS) (width 0.15))
    (fp_text user %R (at 0 0) (layer F.Fab)
      (effects (font (size 0.6 0.6) (thickness 0.09)))
    )
    (pad 1 thru_hole circle (at 0 0) (size 2.8 2.8) (drill 1.6) (layers *.Cu *.Mask)
      (net 1 GND))
    (model ${KISYS3DMOD}/TestPoint.3dshapes/TestPoint_Keystone_5010-5014_Multipurpose.wrl
      (at (xyz 0 0 0))
      (scale (xyz 1 1 1))
      (rotate (xyz 0 0 0))
    )
  )

  (module Resistor_SMD:R_0603_1608Metric (layer F.Cu) (tedit 5B301BBD) (tstamp 5E3EA39E)
    (at 98.5 27 180)
    (descr "Resistor SMD 0603 (1608 Metric), square (rectangular) end terminal, IPC_7351 nominal, (Body size source: http://www.tortai-tech.com/upload/download/2011102023233369053.pdf), generated with kicad-footprint-generator")
    (tags resistor)
    (path /60183E12/6023DC12)
    (attr smd)
    (fp_text reference R7 (at 0 1.25) (layer F.SilkS)
      (effects (font (size 0.8 0.8) (thickness 0.1)))
    )
    (fp_text value 10K (at -2 0) (layer F.Fab)
      (effects (font (size 0.6 0.6) (thickness 0.1)))
    )
    (fp_line (start -0.8 0.4) (end -0.8 -0.4) (layer F.Fab) (width 0.15))
    (fp_line (start -0.8 -0.4) (end 0.8 -0.4) (layer F.Fab) (width 0.15))
    (fp_line (start 0.8 -0.4) (end 0.8 0.4) (layer F.Fab) (width 0.15))
    (fp_line (start 0.8 0.4) (end -0.8 0.4) (layer F.Fab) (width 0.15))
    (fp_line (start -0.162779 -0.51) (end 0.162779 -0.51) (layer F.SilkS) (width 0.12))
    (fp_line (start -0.162779 0.51) (end 0.162779 0.51) (layer F.SilkS) (width 0.12))
    (fp_line (start -1.48 0.73) (end -1.48 -0.73) (layer F.CrtYd) (width 0.05))
    (fp_line (start -1.48 -0.73) (end 1.48 -0.73) (layer F.CrtYd) (width 0.05))
    (fp_line (start 1.48 -0.73) (end 1.48 0.73) (layer F.CrtYd) (width 0.05))
    (fp_line (start 1.48 0.73) (end -1.48 0.73) (layer F.CrtYd) (width 0.05))
    (fp_text user %R (at 1.5 0) (layer F.Fab)
      (effects (font (size 0.6 0.6) (thickness 0.1)))
    )
    (pad 2 smd roundrect (at 0.7875 0 180) (size 0.875 0.95) (layers F.Cu F.Paste F.Mask) (roundrect_rratio 0.25)
      (net 178 "Net-(R7-Pad2)"))
    (pad 1 smd roundrect (at -0.7875 0 180) (size 0.875 0.95) (layers F.Cu F.Paste F.Mask) (roundrect_rratio 0.25)
      (net 179 "Net-(R7-Pad1)"))
    (model ${KISYS3DMOD}/Resistor_SMD.3dshapes/R_0603_1608Metric.wrl
      (at (xyz 0 0 0))
      (scale (xyz 1 1 1))
      (rotate (xyz 0 0 0))
    )
  )

  (module Capacitor_SMD:C_0603_1608Metric (layer F.Cu) (tedit 5B301BBE) (tstamp 5E760DC7)
    (at -4.5 148 180)
    (descr "Capacitor SMD 0603 (1608 Metric), square (rectangular) end terminal, IPC_7351 nominal, (Body size source: http://www.tortai-tech.com/upload/download/2011102023233369053.pdf), generated with kicad-footprint-generator")
    (tags capacitor)
    (path /60183E12/6023DBE4)
    (attr smd)
    (fp_text reference C18 (at -2.75 0) (layer F.SilkS)
      (effects (font (size 1 1) (thickness 0.15)))
    )
    (fp_text value 1u (at -2 0) (layer F.Fab)
      (effects (font (size 0.6 0.6) (thickness 0.1)))
    )
    (fp_line (start -0.8 0.4) (end -0.8 -0.4) (layer F.Fab) (width 0.1))
    (fp_line (start -0.8 -0.4) (end 0.8 -0.4) (layer F.Fab) (width 0.1))
    (fp_line (start 0.8 -0.4) (end 0.8 0.4) (layer F.Fab) (width 0.1))
    (fp_line (start 0.8 0.4) (end -0.8 0.4) (layer F.Fab) (width 0.1))
    (fp_line (start -0.162779 -0.51) (end 0.162779 -0.51) (layer F.SilkS) (width 0.12))
    (fp_line (start -0.162779 0.51) (end 0.162779 0.51) (layer F.SilkS) (width 0.12))
    (fp_line (start -1.48 0.73) (end -1.48 -0.73) (layer F.CrtYd) (width 0.05))
    (fp_line (start -1.48 -0.73) (end 1.48 -0.73) (layer F.CrtYd) (width 0.05))
    (fp_line (start 1.48 -0.73) (end 1.48 0.73) (layer F.CrtYd) (width 0.05))
    (fp_line (start 1.48 0.73) (end -1.48 0.73) (layer F.CrtYd) (width 0.05))
    (fp_text user %R (at 1.75 0) (layer F.Fab)
      (effects (font (size 0.6 0.6) (thickness 0.1)))
    )
    (pad 2 smd roundrect (at 0.7875 0 180) (size 0.875 0.95) (layers F.Cu F.Paste F.Mask) (roundrect_rratio 0.25)
      (net 1 GND))
    (pad 1 smd roundrect (at -0.7875 0 180) (size 0.875 0.95) (layers F.Cu F.Paste F.Mask) (roundrect_rratio 0.25)
      (net 36 +3V3))
    (model ${KISYS3DMOD}/Capacitor_SMD.3dshapes/C_0603_1608Metric.wrl
      (at (xyz 0 0 0))
      (scale (xyz 1 1 1))
      (rotate (xyz 0 0 0))
    )
  )

  (module Capacitor_SMD:C_0603_1608Metric (layer F.Cu) (tedit 5B301BBE) (tstamp 5E3E944A)
    (at 51 58.5 180)
    (descr "Capacitor SMD 0603 (1608 Metric), square (rectangular) end terminal, IPC_7351 nominal, (Body size source: http://www.tortai-tech.com/upload/download/2011102023233369053.pdf), generated with kicad-footprint-generator")
    (tags capacitor)
    (path /5FDD4D41)
    (attr smd)
    (fp_text reference C1 (at 0 -1.25) (layer F.SilkS)
      (effects (font (size 0.8 0.8) (thickness 0.1)))
    )
    (fp_text value 0.1u (at -2.25 0) (layer F.Fab)
      (effects (font (size 0.6 0.6) (thickness 0.1)))
    )
    (fp_line (start 1.48 0.73) (end -1.48 0.73) (layer F.CrtYd) (width 0.05))
    (fp_line (start 1.48 -0.73) (end 1.48 0.73) (layer F.CrtYd) (width 0.05))
    (fp_line (start -1.48 -0.73) (end 1.48 -0.73) (layer F.CrtYd) (width 0.05))
    (fp_line (start -1.48 0.73) (end -1.48 -0.73) (layer F.CrtYd) (width 0.05))
    (fp_line (start -0.162779 0.51) (end 0.162779 0.51) (layer F.SilkS) (width 0.12))
    (fp_line (start -0.162779 -0.51) (end 0.162779 -0.51) (layer F.SilkS) (width 0.12))
    (fp_line (start 0.8 0.4) (end -0.8 0.4) (layer F.Fab) (width 0.15))
    (fp_line (start 0.8 -0.4) (end 0.8 0.4) (layer F.Fab) (width 0.15))
    (fp_line (start -0.8 -0.4) (end 0.8 -0.4) (layer F.Fab) (width 0.15))
    (fp_line (start -0.8 0.4) (end -0.8 -0.4) (layer F.Fab) (width 0.15))
    (fp_text user %R (at 1.5 0) (layer F.Fab)
      (effects (font (size 0.6 0.6) (thickness 0.1)))
    )
    (pad 1 smd roundrect (at -0.7875 0 180) (size 0.875 0.95) (layers F.Cu F.Paste F.Mask) (roundrect_rratio 0.25)
      (net 36 +3V3))
    (pad 2 smd roundrect (at 0.7875 0 180) (size 0.875 0.95) (layers F.Cu F.Paste F.Mask) (roundrect_rratio 0.25)
      (net 1 GND))
    (model ${KISYS3DMOD}/Capacitor_SMD.3dshapes/C_0603_1608Metric.wrl
      (at (xyz 0 0 0))
      (scale (xyz 1 1 1))
      (rotate (xyz 0 0 0))
    )
  )

  (module Capacitor_SMD:C_0603_1608Metric (layer F.Cu) (tedit 5B301BBE) (tstamp 5E3EF1FB)
    (at 58 63 270)
    (descr "Capacitor SMD 0603 (1608 Metric), square (rectangular) end terminal, IPC_7351 nominal, (Body size source: http://www.tortai-tech.com/upload/download/2011102023233369053.pdf), generated with kicad-footprint-generator")
    (tags capacitor)
    (path /5FDD4D88)
    (attr smd)
    (fp_text reference C3 (at -2 0 90) (layer F.SilkS)
      (effects (font (size 0.8 0.8) (thickness 0.1)))
    )
    (fp_text value 0.1u (at 2 0 90) (layer F.Fab)
      (effects (font (size 0.6 0.6) (thickness 0.1)))
    )
    (fp_line (start -0.8 0.4) (end -0.8 -0.4) (layer F.Fab) (width 0.15))
    (fp_line (start -0.8 -0.4) (end 0.8 -0.4) (layer F.Fab) (width 0.15))
    (fp_line (start 0.8 -0.4) (end 0.8 0.4) (layer F.Fab) (width 0.15))
    (fp_line (start 0.8 0.4) (end -0.8 0.4) (layer F.Fab) (width 0.15))
    (fp_line (start -0.162779 -0.51) (end 0.162779 -0.51) (layer F.SilkS) (width 0.12))
    (fp_line (start -0.162779 0.51) (end 0.162779 0.51) (layer F.SilkS) (width 0.12))
    (fp_line (start -1.48 0.73) (end -1.48 -0.73) (layer F.CrtYd) (width 0.05))
    (fp_line (start -1.48 -0.73) (end 1.48 -0.73) (layer F.CrtYd) (width 0.05))
    (fp_line (start 1.48 -0.73) (end 1.48 0.73) (layer F.CrtYd) (width 0.05))
    (fp_line (start 1.48 0.73) (end -1.48 0.73) (layer F.CrtYd) (width 0.05))
    (fp_text user %R (at -1.5 0 90) (layer F.Fab)
      (effects (font (size 0.6 0.6) (thickness 0.1)))
    )
    (pad 2 smd roundrect (at 0.7875 0 270) (size 0.875 0.95) (layers F.Cu F.Paste F.Mask) (roundrect_rratio 0.25)
      (net 1 GND))
    (pad 1 smd roundrect (at -0.7875 0 270) (size 0.875 0.95) (layers F.Cu F.Paste F.Mask) (roundrect_rratio 0.25)
      (net 36 +3V3))
    (model ${KISYS3DMOD}/Capacitor_SMD.3dshapes/C_0603_1608Metric.wrl
      (at (xyz 0 0 0))
      (scale (xyz 1 1 1))
      (rotate (xyz 0 0 0))
    )
  )

  (module Capacitor_SMD:C_0603_1608Metric (layer F.Cu) (tedit 5B301BBE) (tstamp 5E3EF2D0)
    (at 60.5 54.5)
    (descr "Capacitor SMD 0603 (1608 Metric), square (rectangular) end terminal, IPC_7351 nominal, (Body size source: http://www.tortai-tech.com/upload/download/2011102023233369053.pdf), generated with kicad-footprint-generator")
    (tags capacitor)
    (path /5FDD4D8E)
    (attr smd)
    (fp_text reference C6 (at -2.25 0) (layer F.SilkS)
      (effects (font (size 0.8 0.8) (thickness 0.1)))
    )
    (fp_text value 0.1u (at -2.25 0) (layer F.Fab)
      (effects (font (size 0.6 0.6) (thickness 0.1)))
    )
    (fp_line (start 1.48 0.73) (end -1.48 0.73) (layer F.CrtYd) (width 0.05))
    (fp_line (start 1.48 -0.73) (end 1.48 0.73) (layer F.CrtYd) (width 0.05))
    (fp_line (start -1.48 -0.73) (end 1.48 -0.73) (layer F.CrtYd) (width 0.05))
    (fp_line (start -1.48 0.73) (end -1.48 -0.73) (layer F.CrtYd) (width 0.05))
    (fp_line (start -0.162779 0.51) (end 0.162779 0.51) (layer F.SilkS) (width 0.12))
    (fp_line (start -0.162779 -0.51) (end 0.162779 -0.51) (layer F.SilkS) (width 0.12))
    (fp_line (start 0.8 0.4) (end -0.8 0.4) (layer F.Fab) (width 0.15))
    (fp_line (start 0.8 -0.4) (end 0.8 0.4) (layer F.Fab) (width 0.15))
    (fp_line (start -0.8 -0.4) (end 0.8 -0.4) (layer F.Fab) (width 0.15))
    (fp_line (start -0.8 0.4) (end -0.8 -0.4) (layer F.Fab) (width 0.15))
    (fp_text user %R (at 1.75 0) (layer F.Fab)
      (effects (font (size 0.6 0.6) (thickness 0.1)))
    )
    (pad 1 smd roundrect (at -0.7875 0) (size 0.875 0.95) (layers F.Cu F.Paste F.Mask) (roundrect_rratio 0.25)
      (net 36 +3V3))
    (pad 2 smd roundrect (at 0.7875 0) (size 0.875 0.95) (layers F.Cu F.Paste F.Mask) (roundrect_rratio 0.25)
      (net 1 GND))
    (model ${KISYS3DMOD}/Capacitor_SMD.3dshapes/C_0603_1608Metric.wrl
      (at (xyz 0 0 0))
      (scale (xyz 1 1 1))
      (rotate (xyz 0 0 0))
    )
  )

  (module Capacitor_SMD:C_0603_1608Metric (layer F.Cu) (tedit 5B301BBE) (tstamp 5E3E94E3)
    (at 53.5 53 90)
    (descr "Capacitor SMD 0603 (1608 Metric), square (rectangular) end terminal, IPC_7351 nominal, (Body size source: http://www.tortai-tech.com/upload/download/2011102023233369053.pdf), generated with kicad-footprint-generator")
    (tags capacitor)
    (path /5FDD4DE8)
    (attr smd)
    (fp_text reference C10 (at 2.4625 0 90) (layer F.SilkS)
      (effects (font (size 0.8 0.8) (thickness 0.1)))
    )
    (fp_text value 0.1u (at 1.6 0 90) (layer F.Fab)
      (effects (font (size 0.6 0.6) (thickness 0.1)))
    )
    (fp_line (start 1.48 0.73) (end -1.48 0.73) (layer F.CrtYd) (width 0.05))
    (fp_line (start 1.48 -0.73) (end 1.48 0.73) (layer F.CrtYd) (width 0.05))
    (fp_line (start -1.48 -0.73) (end 1.48 -0.73) (layer F.CrtYd) (width 0.05))
    (fp_line (start -1.48 0.73) (end -1.48 -0.73) (layer F.CrtYd) (width 0.05))
    (fp_line (start -0.162779 0.51) (end 0.162779 0.51) (layer F.SilkS) (width 0.12))
    (fp_line (start -0.162779 -0.51) (end 0.162779 -0.51) (layer F.SilkS) (width 0.12))
    (fp_line (start 0.8 0.4) (end -0.8 0.4) (layer F.Fab) (width 0.15))
    (fp_line (start 0.8 -0.4) (end 0.8 0.4) (layer F.Fab) (width 0.15))
    (fp_line (start -0.8 -0.4) (end 0.8 -0.4) (layer F.Fab) (width 0.15))
    (fp_line (start -0.8 0.4) (end -0.8 -0.4) (layer F.Fab) (width 0.15))
    (fp_text user %R (at -1.8 0 90) (layer F.Fab)
      (effects (font (size 0.6 0.6) (thickness 0.1)))
    )
    (pad 1 smd roundrect (at -0.7875 0 90) (size 0.875 0.95) (layers F.Cu F.Paste F.Mask) (roundrect_rratio 0.25)
      (net 38 /VDDA1.8))
    (pad 2 smd roundrect (at 0.7875 0 90) (size 0.875 0.95) (layers F.Cu F.Paste F.Mask) (roundrect_rratio 0.25)
      (net 1 GND))
    (model ${KISYS3DMOD}/Capacitor_SMD.3dshapes/C_0603_1608Metric.wrl
      (at (xyz 0 0 0))
      (scale (xyz 1 1 1))
      (rotate (xyz 0 0 0))
    )
  )

  (module Capacitor_SMD:C_0603_1608Metric (layer F.Cu) (tedit 5B301BBE) (tstamp 5E3E94F4)
    (at 56.5 51 90)
    (descr "Capacitor SMD 0603 (1608 Metric), square (rectangular) end terminal, IPC_7351 nominal, (Body size source: http://www.tortai-tech.com/upload/download/2011102023233369053.pdf), generated with kicad-footprint-generator")
    (tags capacitor)
    (path /5FDD4CBC)
    (attr smd)
    (fp_text reference C11 (at 2.4625 0 90) (layer F.SilkS)
      (effects (font (size 0.8 0.8) (thickness 0.1)))
    )
    (fp_text value 20p (at 1.65 0.05 90) (layer F.Fab)
      (effects (font (size 0.6 0.6) (thickness 0.1)))
    )
    (fp_line (start -0.8 0.4) (end -0.8 -0.4) (layer F.Fab) (width 0.15))
    (fp_line (start -0.8 -0.4) (end 0.8 -0.4) (layer F.Fab) (width 0.15))
    (fp_line (start 0.8 -0.4) (end 0.8 0.4) (layer F.Fab) (width 0.15))
    (fp_line (start 0.8 0.4) (end -0.8 0.4) (layer F.Fab) (width 0.15))
    (fp_line (start -0.162779 -0.51) (end 0.162779 -0.51) (layer F.SilkS) (width 0.12))
    (fp_line (start -0.162779 0.51) (end 0.162779 0.51) (layer F.SilkS) (width 0.12))
    (fp_line (start -1.48 0.73) (end -1.48 -0.73) (layer F.CrtYd) (width 0.05))
    (fp_line (start -1.48 -0.73) (end 1.48 -0.73) (layer F.CrtYd) (width 0.05))
    (fp_line (start 1.48 -0.73) (end 1.48 0.73) (layer F.CrtYd) (width 0.05))
    (fp_line (start 1.48 0.73) (end -1.48 0.73) (layer F.CrtYd) (width 0.05))
    (fp_text user %R (at 0 0.85 90) (layer F.Fab)
      (effects (font (size 0.6 0.6) (thickness 0.1)))
    )
    (pad 2 smd roundrect (at 0.7875 0 90) (size 0.875 0.95) (layers F.Cu F.Paste F.Mask) (roundrect_rratio 0.25)
      (net 1 GND))
    (pad 1 smd roundrect (at -0.7875 0 90) (size 0.875 0.95) (layers F.Cu F.Paste F.Mask) (roundrect_rratio 0.25)
      (net 39 "Net-(C11-Pad1)"))
    (model ${KISYS3DMOD}/Capacitor_SMD.3dshapes/C_0603_1608Metric.wrl
      (at (xyz 0 0 0))
      (scale (xyz 1 1 1))
      (rotate (xyz 0 0 0))
    )
  )

  (module Capacitor_SMD:C_0603_1608Metric (layer F.Cu) (tedit 5B301BBE) (tstamp 5E3E9505)
    (at 55 51 90)
    (descr "Capacitor SMD 0603 (1608 Metric), square (rectangular) end terminal, IPC_7351 nominal, (Body size source: http://www.tortai-tech.com/upload/download/2011102023233369053.pdf), generated with kicad-footprint-generator")
    (tags capacitor)
    (path /5FDD4E0D)
    (attr smd)
    (fp_text reference C12 (at 2.4625 0 90) (layer F.SilkS)
      (effects (font (size 0.8 0.8) (thickness 0.1)))
    )
    (fp_text value 20p (at -1.95 -0.05 90) (layer F.Fab)
      (effects (font (size 0.6 0.6) (thickness 0.1)))
    )
    (fp_line (start 1.48 0.73) (end -1.48 0.73) (layer F.CrtYd) (width 0.05))
    (fp_line (start 1.48 -0.73) (end 1.48 0.73) (layer F.CrtYd) (width 0.05))
    (fp_line (start -1.48 -0.73) (end 1.48 -0.73) (layer F.CrtYd) (width 0.05))
    (fp_line (start -1.48 0.73) (end -1.48 -0.73) (layer F.CrtYd) (width 0.05))
    (fp_line (start -0.162779 0.51) (end 0.162779 0.51) (layer F.SilkS) (width 0.12))
    (fp_line (start -0.162779 -0.51) (end 0.162779 -0.51) (layer F.SilkS) (width 0.12))
    (fp_line (start 0.8 0.4) (end -0.8 0.4) (layer F.Fab) (width 0.15))
    (fp_line (start 0.8 -0.4) (end 0.8 0.4) (layer F.Fab) (width 0.15))
    (fp_line (start -0.8 -0.4) (end 0.8 -0.4) (layer F.Fab) (width 0.15))
    (fp_line (start -0.8 0.4) (end -0.8 -0.4) (layer F.Fab) (width 0.15))
    (fp_text user %R (at 1.85 -0.05 90) (layer F.Fab)
      (effects (font (size 0.6 0.6) (thickness 0.1)))
    )
    (pad 1 smd roundrect (at -0.7875 0 90) (size 0.875 0.95) (layers F.Cu F.Paste F.Mask) (roundrect_rratio 0.25)
      (net 40 "Net-(C12-Pad1)"))
    (pad 2 smd roundrect (at 0.7875 0 90) (size 0.875 0.95) (layers F.Cu F.Paste F.Mask) (roundrect_rratio 0.25)
      (net 1 GND))
    (model ${KISYS3DMOD}/Capacitor_SMD.3dshapes/C_0603_1608Metric.wrl
      (at (xyz 0 0 0))
      (scale (xyz 1 1 1))
      (rotate (xyz 0 0 0))
    )
  )

  (module Capacitor_SMD:C_0603_1608Metric (layer F.Cu) (tedit 5B301BBE) (tstamp 5E3E9538)
    (at 44 43)
    (descr "Capacitor SMD 0603 (1608 Metric), square (rectangular) end terminal, IPC_7351 nominal, (Body size source: http://www.tortai-tech.com/upload/download/2011102023233369053.pdf), generated with kicad-footprint-generator")
    (tags capacitor)
    (path /605DF5ED)
    (attr smd)
    (fp_text reference C15 (at 2.4625 0) (layer F.SilkS)
      (effects (font (size 0.8 0.8) (thickness 0.1)))
    )
    (fp_text value 0.1u (at 2.05 -0.05) (layer F.Fab)
      (effects (font (size 0.6 0.6) (thickness 0.1)))
    )
    (fp_line (start 1.48 0.73) (end -1.48 0.73) (layer F.CrtYd) (width 0.05))
    (fp_line (start 1.48 -0.73) (end 1.48 0.73) (layer F.CrtYd) (width 0.05))
    (fp_line (start -1.48 -0.73) (end 1.48 -0.73) (layer F.CrtYd) (width 0.05))
    (fp_line (start -1.48 0.73) (end -1.48 -0.73) (layer F.CrtYd) (width 0.05))
    (fp_line (start -0.162779 0.51) (end 0.162779 0.51) (layer F.SilkS) (width 0.12))
    (fp_line (start -0.162779 -0.51) (end 0.162779 -0.51) (layer F.SilkS) (width 0.12))
    (fp_line (start 0.8 0.4) (end -0.8 0.4) (layer F.Fab) (width 0.15))
    (fp_line (start 0.8 -0.4) (end 0.8 0.4) (layer F.Fab) (width 0.15))
    (fp_line (start -0.8 -0.4) (end 0.8 -0.4) (layer F.Fab) (width 0.15))
    (fp_line (start -0.8 0.4) (end -0.8 -0.4) (layer F.Fab) (width 0.15))
    (fp_text user %R (at 0 -1.05) (layer F.Fab)
      (effects (font (size 0.6 0.6) (thickness 0.1)))
    )
    (pad 1 smd roundrect (at -0.7875 0) (size 0.875 0.95) (layers F.Cu F.Paste F.Mask) (roundrect_rratio 0.25)
      (net 36 +3V3))
    (pad 2 smd roundrect (at 0.7875 0) (size 0.875 0.95) (layers F.Cu F.Paste F.Mask) (roundrect_rratio 0.25)
      (net 1 GND))
    (model ${KISYS3DMOD}/Capacitor_SMD.3dshapes/C_0603_1608Metric.wrl
      (at (xyz 0 0 0))
      (scale (xyz 1 1 1))
      (rotate (xyz 0 0 0))
    )
  )

  (module Capacitor_SMD:C_0603_1608Metric (layer F.Cu) (tedit 5B301BBE) (tstamp 5E468F58)
    (at -4.5 107.5 270)
    (descr "Capacitor SMD 0603 (1608 Metric), square (rectangular) end terminal, IPC_7351 nominal, (Body size source: http://www.tortai-tech.com/upload/download/2011102023233369053.pdf), generated with kicad-footprint-generator")
    (tags capacitor)
    (path /60183E12/6023DBA2)
    (attr smd)
    (fp_text reference C17 (at 2.4625 0 90) (layer F.SilkS)
      (effects (font (size 0.8 0.8) (thickness 0.1)))
    )
    (fp_text value 0.1u (at 2.0625 0 90) (layer F.Fab)
      (effects (font (size 0.6 0.6) (thickness 0.1)))
    )
    (fp_line (start 1.48 0.73) (end -1.48 0.73) (layer F.CrtYd) (width 0.05))
    (fp_line (start 1.48 -0.73) (end 1.48 0.73) (layer F.CrtYd) (width 0.05))
    (fp_line (start -1.48 -0.73) (end 1.48 -0.73) (layer F.CrtYd) (width 0.05))
    (fp_line (start -1.48 0.73) (end -1.48 -0.73) (layer F.CrtYd) (width 0.05))
    (fp_line (start -0.162779 0.51) (end 0.162779 0.51) (layer F.SilkS) (width 0.12))
    (fp_line (start -0.162779 -0.51) (end 0.162779 -0.51) (layer F.SilkS) (width 0.12))
    (fp_line (start 0.8 0.4) (end -0.8 0.4) (layer F.Fab) (width 0.15))
    (fp_line (start 0.8 -0.4) (end 0.8 0.4) (layer F.Fab) (width 0.15))
    (fp_line (start -0.8 -0.4) (end 0.8 -0.4) (layer F.Fab) (width 0.15))
    (fp_line (start -0.8 0.4) (end -0.8 -0.4) (layer F.Fab) (width 0.15))
    (fp_text user %R (at -1.7875 0 90) (layer F.Fab)
      (effects (font (size 0.6 0.6) (thickness 0.1)))
    )
    (pad 1 smd roundrect (at -0.7875 0 270) (size 0.875 0.95) (layers F.Cu F.Paste F.Mask) (roundrect_rratio 0.25)
      (net 36 +3V3))
    (pad 2 smd roundrect (at 0.7875 0 270) (size 0.875 0.95) (layers F.Cu F.Paste F.Mask) (roundrect_rratio 0.25)
      (net 1 GND))
    (model ${KISYS3DMOD}/Capacitor_SMD.3dshapes/C_0603_1608Metric.wrl
